%YAML:1.0
---
fisheye: 0
is_undistort: 0
is_color: 1
image_size: [ 1920, 1080 ]
K: !!opencv-matrix
   rows: 3
   cols: 3
   dt: d
   data: [ 1.3403681367521003e+03, 0., 9.2377647127844295e+02, 0.,
           1.3409716673621858e+03, 5.4624496484827171e+02, 0., 0., 1. ]
D: !!opencv-matrix
   rows: 1
   cols: 5
   dt: d
   data: [ -4.3510605312673545e-01, 2.2300426558412778e-01,
           -3.6573702277469032e-04, 3.5056488494721066e-04,
           -6.7570177973566084e-02 ]
