%YAML:1.0
---
fisheye: 0
image_size: [ 1920, 1080 ]
K: !!opencv-matrix
   rows: 3
   cols: 3
   dt: d
   data: [ 1.3403681367521003e+03, 0., 9.2377647127844295e+02, 0.,
           1.3409716673621858e+03, 5.4624496484827171e+02, 0., 0., 1. ]
D: !!opencv-matrix
   rows: 1
   cols: 5
   dt: d
   data: [ -4.3510605312673545e-01, 2.2300426558412778e-01,
           -3.6573702277469032e-04, 3.5056488494721066e-04,
           -6.7570177973566084e-02 ]
R: !!opencv-matrix
   rows: 3
   cols: 3
   dt: d
   data: [ 9.9999026889529685e-01, 2.1033744517000978e-03,
       3.8778770775267646e-03, 3.7258705288702909e-03,
       6.8004360172441922e-02, -9.9767806675617521e-01,
       -2.3622031061210696e-03, 9.9768280671436493e-01,
       6.7995861514012018e-02 ]
T: !!opencv-matrix
   rows: 3
   cols: 1
   dt: d
   data: [ 2.2693461324201692e+02, 1.2781465522059982e+03,
       3.6348487180357315e+03 ]           
