%YAML:1.0
---
fish_eye: 0
image_size: [ 1920, 1080 ]
K: !!opencv-matrix
   rows: 3
   cols: 3
   dt: d
   data: [ 9.4812732267130082e+02, 0., 9.7878407345218716e+02, 0.,
       9.4845555688510944e+02, 5.2486639865165785e+02, 0., 0., 1. ]
D: !!opencv-matrix
   rows: 1
   cols: 5
   dt: d
   data: [ -3.7086053603680430e-01, 2.1475579585305371e-01,
       6.4843889957748706e-05, -1.0665723997997062e-03,
       -7.4790438600230935e-02 ]
