%YAML:1.0
---
fish_eye: 0
image_size: [ 1920, 1080 ]
K: !!opencv-matrix
   rows: 3
   cols: 3
   dt: d
   data: [ 9.4812732267233787e+02, 0., 9.7878407345766254e+02, 0.,
       9.4845555688711988e+02, 5.2486639864647009e+02, 0., 0., 1. ]
D: !!opencv-matrix
   rows: 1
   cols: 5
   dt: d
   data: [ -3.7086053604383767e-01, 2.1475579586910321e-01,
       6.4843890231236820e-05, -1.0665724004460364e-03,
       -7.4790438609422583e-02 ]
